[0.00,0.05]: 0.0000
[0.05,0.10]: 0.0000
[0.10,0.15]: 0.0000
[0.15,0.20]: 0.0000
[0.20,0.25]: 0.0000
[0.25,0.30]: 0.0087
[0.30,0.35]: 0.3910
[0.35,0.40]: 0.3632
[0.40,0.45]: 0.1103
[0.45,0.50]: 0.0467
[0.50,0.55]: 0.0270
[0.55,0.60]: 0.0174
[0.60,0.65]: 0.0117
[0.65,0.70]: 0.0065
[0.70,0.75]: 0.0046
[0.75,0.80]: 0.0039
[0.80,0.85]: 0.0025
[0.85,0.90]: 0.0027
[0.90,0.95]: 0.0020
[0.95,1.00]: 0.0018
num:800
sum:200
naiveLSH
#	total	step	posi	res     FP	    FN	    prec	recall	miss	FPE	    FNE	    FPR	    FNR	    eFPR	eFNR	hash	
#1	19900	1.000	712	    3255	2738	195	    0.726	0.159	2933	0.368	0.201	0.138	0.010	0.784	0.033	4	
#2	19900	1.000	712	    2040	1521	193	    0.729	0.254	1714	0.236	0.200	0.076	0.010	0.644	0.032	8	
#3	19900	1.000	712	    1750	1154	116	    0.837	0.341	1270	0.218	0.133	0.058	0.006	0.448	0.029	16	
#4	19900	1.000	712	    897	    357	    172	    0.758	0.602	529	    0.157	0.112	0.018	0.009	0.244	0.025	32	
#5	19900	1.000	712	    813	    224	    123	    0.827	0.724	347	    0.098	0.071	0.011	0.006	0.109	0.020	64	
#6	19900	1.000	712	    695	    85	    102	    0.857	0.878	187	    0.047	0.052	0.004	0.005	0.051	0.016	128	
#7	19900	1.000	712	    775	    129	    66	    0.907	0.834	195	    0.045	0.035	0.006	0.003	0.030	0.013	256	

typicalLSH

#	total	step	posi	res	    FP	    FN	    prec	recall	miss	FPE	    FNE	    FPR	    FNR	    eFPR	eFNR	hash	row	    col	    cost	
#1	19900	0.342	712	    2846	2444	310	    0.565	0.141	2754	0.407	0.158	0.123	0.016	0.784	0.033	4	    1	    5	    1250	
#2	19900	0.421	712	    3019	2562	255	    0.642	0.151	2817	0.289	0.183	0.129	0.013	0.644	0.032	8	    2	    5	    2500	
#3	19900	0.993	712	    1504	958	    166	    0.767	0.363	1124	0.210	0.146	0.048	0.008	0.448	0.029	16	    4	    5	    5000	
#4	19900	2.778	712	    1063	506	    155	    0.782	0.524	661	    0.182	0.093	0.025	0.008	0.244	0.025	32	    8	    5	    10000	
#5	19900	8.846	712	    852	    232	    92	    0.871	0.728	324	    0.087	0.056	0.012	0.005	0.109	0.020	64	    16	    5	    20000	
#6	19900	27.667	712	    881	    236	    67	    0.906	0.732	303	    0.079	0.044	0.012	0.003	0.051	0.016	128	    32	    5	    40000	
#7	19900	64.000	712	    707	    67	    72	    0.899	0.905	139	    0.033	0.036	0.003	0.004	0.030	0.013	256	    64	    5	    80000	

#	total	step	posi	res	    FP	    FN	    prec	recall	miss	FPE	    FNE	    FPR	    FNR	    eFPR	eFNR	hash	row	    col	    cost	
#1	19900	0.117	712	    1207	962	    467	    0.344	0.203	1429	0.422	0.184	0.048	0.023	0.784	0.033	4	    1	    6	    2592	
#2	19900	0.322	712	    2957	2470	225	    0.684	0.165	2695	0.291	0.123	0.124	0.011	0.644	0.032	8	    2	    6	    5184	
#3	19900	0.735	712	    1268	741	    185	    0.740	0.416	926	    0.206	0.139	0.037	0.009	0.448	0.029	16	    4	    6	    10368	
#4	19900	8.000	712	    1174	554	    92	    0.871	0.528	646	    0.164	0.085	0.028	0.005	0.244	0.025	32	    8	    6	    20736	
#5	19900	5.467	712	    774	    181	    119	    0.833	0.766	300	    0.086	0.070	0.009	0.006	0.109	0.020	64	    16	    6	    41472	
#6	19900	22.925	712	    731	    104	    85	    0.881	0.858	189	    0.048	0.045	0.005	0.004	0.051	0.016	128	    32	    6	    82944	
#7	19900	62.080	712	    797	    127	    42	    0.941	0.841	169	    0.041	0.026	0.006	0.002	0.030	0.013	256	    64	    6	    165888	

#	total	step	posi	res	    FP	    FN	    prec	recall	miss	FPE	    FNE	    FPR	    FNR	    eFPR	eFNR	hash	row	    col	    cost	
#1	19900	0.117	712	    1047	791	    456	    0.360	0.245	1247	0.392	0.187	0.040	0.023	0.784	0.033	4	    1	    7	    4802	
#2	19900	0.313	712	    1844	1314	182	    0.744	0.287	1496	0.257	0.128	0.066	0.009	0.644	0.032	8	    2	    7	    9604	
#3	19900	0.577	712	    910	    420	    222	    0.688	0.538	642	    0.197	0.139	0.021	0.011	0.448	0.029	16	    4	    7	    19208	
#4	19900	2.490	712	    1003	407	    116	    0.837	0.594	523	    0.148	0.095	0.020	0.006	0.244	0.025	32	    8	    7	    38416	
#5	19900	13.804	712	    906	    274	    80	    0.888	0.698	354	    0.095	0.056	0.014	0.004	0.109	0.020	64	    16	    7	    76832	
#6	19900	29.451	712	    728	    99	    83	    0.883	0.864	182	    0.043	0.043	0.005	0.004	0.051	0.016	128	    32	    7	    153664	
#7	19900	26.226	712	    761	    107	    58	    0.919	0.859	165	    0.044	0.033	0.005	0.003	0.030	0.013	256	    64	    7	    307328	

#	total	step	posi	res	    FP	    FN	    prec	recall	miss	FPE	    FNE	    FPR	    FNR	    eFPR	eFNR	hash	row	    col	    cost	
#1	19900	0.087	712	    1271	992	    433	0.392	0.220	1425	0.428	0.158	0.050	0.022	0.784	0.033	    4	    1	    8	    8192	
#2	19900	0.155	712	    1314	952	    350	0.508	0.275	1302	0.265	0.148	0.048	0.018	0.644	0.032	    8	    2	    8	    16384	
#3	19900	0.560	712	    1503	954	    163	0.771	0.365	1117	0.216	0.124	0.048	0.008	0.448	0.029	    16	    4	    8	    32768	
#4	19900	7.333	712	    745	    208	    175	0.754	0.721	383	    0.122	0.082	0.010	0.009	0.244	0.025	    32	    8	    8	    65536	
#5	19900	12.567	712	    781	    164	    95	0.867	0.790	259	    0.069	0.064	0.008	0.005	0.109	0.020	    64	    16	    8	    131072	
#6	19900	25.982	712	    824	    158	    46	0.935	0.808	204	    0.053	0.035	0.008	0.002	0.051	0.016	    128	    32	    8	    262144	
#7	19900	59.090	712	    721	    85	    76	0.893	0.882	161	    0.040	0.036	0.004	0.004	0.030	0.013	    256	    64	    8	    524288	

#	total	step	posi	res	    FP	    FN	    prec	recall	miss	FPE	    FNE	    FPR	    FNR	    eFPR	eFNR	hash	row	    col	    cost	
#1	19900	0.142	712	    1583	1310	439	    0.383	0.172	1749	0.436	0.180	0.066	0.022	0.784	0.033	4	    1	    9	    13122	
#2	19900	0.214	712	    2396	1964	280	    0.607	0.180	2244	0.291	0.155	0.099	0.014	0.644	0.032	8	    2	    9	    26244	
#3	19900	0.506	712	    1803	1217	126	    0.823	0.325	1343	0.225	0.102	0.061	0.006	0.448	0.029	16	    4	    9	    52488	
#4	19900	0.876	712	    722	    174	    164	    0.770	0.759	338	    0.112	0.092	0.009	0.008	0.244	0.025	32	    8	    9	    104976	
#5	19900	2.072	712	    778	    159	    93	    0.869	0.796	252	    0.071	0.067	0.008	0.005	0.109	0.020	64	    16	    9	    209952	
#6	19900	23.426	712	    807	    155	    60	    0.916	0.808	215	    0.055	0.048	0.008	0.003	0.051	0.016	128	    32	    9	    419904	
#7	19900	63.368	712	    733	    84	    63	    0.912	0.885	147	    0.037	0.035	0.004	0.003	0.030	0.013	256	    64	    9	    839808	

#	total	step	posi	res	    FP	    FN	    prec	recall	miss	FPE	    FNE	    FPR	    FNR	    eFPR	eFNR	hash	row	    col	    cost	
#1	19900	0.074	712	    1327	996	    381	    0.465	0.249	1377	0.440	0.153	0.050	0.019	0.784	0.033	4	    1	    10	    20000	
#2	19900	0.079	712	    928	    587	    371	    0.479	0.367	958	    0.278	0.153	0.029	0.019	0.644	0.032	8	    2	    10	    40000	
#3	19900	0.678	712	    1899	1306	119	    0.833	0.312	1425	0.223	0.102	0.066	0.006	0.448	0.029	16	    4	    10	    80000	
#4	19900	7.726	712	    899	    323	    136	    0.809	0.641	459	    0.139	0.077	0.016	0.007	0.244	0.025	32	    8	    10	    160000	
#5	19900	1.983	712	    785	    183	    110	    0.846	0.767	293	    0.093	0.062	0.009	0.006	0.109	0.020	64	    16	    10	    320000	
#6	19900	29.394	712	    831	    175	    56	    0.921	0.789	231	    0.056	0.038	0.009	0.003	0.051	0.016	128	    32	    10	    640000	
#7	19900	61.675	712	    743	    92	    61	    0.914	0.876	153	    0.037	0.031	0.005	0.003	0.030	0.013	256	    64	    10	    1280000	


typicalLSH_R:

#	total	step	posi	res	    FP	    FN	    prec	recall	miss	FPE	    FNE	    FPR	    FNR	    eFPR	eFNR	hash	row	    col	    cost
#1	19900	0.183	712	    2421	2017	308	    0.567	0.167	2325	0.409	0.168	0.101	0.015	0.784	0.033	4	    1	    5	    1250	
#2	19900	0.868	712	    5752	5158	118	    0.834	0.103	5276	0.294	0.170	0.259	0.006	0.644	0.032	8	    2	    5	    2500	
#3	19900	0.382	712	    1263	863	    312	    0.562	0.317	1175	0.225	0.109	0.043	0.016	0.448	0.029	16	    4	    5	    5000	
#4	19900	0.371	712	    504	    128	    336	    0.528	0.746	464     0.122	0.063	0.006	0.017	0.244	0.025	32	    8	    5	    10000	
#5	19900	0.592	712	    631	    124	    205	    0.712	0.803	329     0.077	0.049	0.006	0.010	0.109	0.020	64	    16	    5	    20000	
#6	19900	0.635	712	    585	    86	    213	    0.701	0.853	299     0.050	0.043	0.004	0.011	0.051	0.016	128	    32	    5	    40000	
#7	19900	0.675	712	    693	    116	    135	    0.810	0.833	251     0.050	0.023	0.006	0.007	0.030	0.013	256	    64	    5	    80000	

#	total	step	posi	res	    FP	    FN	    prec	recall	miss	FPE	    FNE	    FPR	    FNR	    eFPR	eFNR	hash	row	    col	    cost
#1	19900	0.080	712	    1222	955	    445	    0.375	0.218	1400	0.438	0.185	0.048	0.022	0.784	0.033	4	    1	    6       2592	
#2	19900	0.332	712	    1880	1445	277	    0.611	0.231	1722	0.251	0.153	0.073	0.014	0.644	0.032	8	    2	    6       5184	
#3	19900	0.317	712	    601	    264	    375	    0.473	0.561	639	    0.204	0.095	0.013	0.019	0.448	0.029	16	    4	    6       10368	
#4	19900	1.000	712	    974	    387	    125	    0.824	0.603	512	    0.150	0.088	0.019	0.006	0.244	0.025	32	    8	    6       20736	
#5	19900	0.249	712	    388	    51	    375	    0.473	0.869	426	    0.081	0.045	0.003	0.019	0.109	0.020	64	    16	    6       41472	
#6	19900	0.999	712	    783	    143	    72	    0.899	0.817	215	    0.057	0.047	0.007	0.004	0.051	0.016	128	    32	    6       82944	
#7	19900	1.000	712	    721	    87	    78	    0.890	0.879	165	    0.036	0.043	0.004	0.004	0.030	0.013	256	    64	    6       165888	

#	total	step	posi	res	    FP	    FN	    prec	recall	miss	FPE	    FNE	    FPR	    FNR	    eFPR	eFNR	hash	row	    col	    cost
#1	19900	0.066	712	    920	    695	    487	    0.316	0.245	1182	0.422	0.189	0.035	0.024	0.784	0.033	4	    1	    7	    4802	
#2	19900	0.169	712	    1860	1445	297	    0.583	0.223	1742	0.284	0.112	0.073	0.015	0.644	0.032	8	    2	    7	    9604	
#3	19900	0.247	712	    719	    384	    377	    0.471	0.466	761	    0.198	0.091	0.019	0.019	0.448	0.029	16	    4	    7	    19208	
#4	19900	0.314	712	    540	    154	    326	    0.542	0.715	480	    0.144	0.066	0.008	0.016	0.244	0.025	32	    8	    7	    38416	
#5	19900	0.695	712	    742	    280	    250	    0.649	0.623	530	    0.124	0.068	0.014	0.013	0.109	0.020	64	    16	    7	    76832	
#6	19900	1.000	712	    826	    182	    68	    0.904	0.780	250	    0.055	0.040	0.009	0.003	0.051	0.016	128	    32	    7	    153664	
#7	19900	0.768	712	    612	    65	    165	    0.768	0.894	230	    0.039	0.034	0.003	0.008	0.030	0.013	256	    64	    7	    307328	

#	total	step	posi	res	    FP	    FN	    prec	recall	miss	FPE	    FNE	    FPR	    FNR	    eFPR	eFNR	hash	row	    col	    cost
#1	19900	0.150	712	    2365	1959	306	    0.570	0.172	2265	0.434	0.164	0.098	0.015	0.784	0.033	4	    1	    8	    8192	
#2	19900	0.099	712	    1367	1058	403	    0.434	0.226	1461	0.300	0.118	0.053	0.020	0.644	0.032	8	    2	    8	    16384	
#3	19900	0.347	712	    1748	1335	299	    0.580	0.236	1634	0.254	0.108	0.067	0.015	0.448	0.029	16	    4	    8	    32768	
#4	19900	0.412	712	    526	    121	    307	    0.569	0.770	428	    0.120	0.074	0.006	0.015	0.244	0.025	32	    8	    8	    65536	
#5	19900	0.937	712	    639	    107	    180	    0.747	0.833	287	    0.063	0.062	0.005	0.009	0.109	0.020	64	    16	    8	    131072	
#6	19900	0.947	712	    679	    88	    121	    0.830	0.870	209	    0.045	0.050	0.004	0.006	0.051	0.016	128	    32	    8	    262144	
#7	19900	0.777	712	    777	    156	    91	    0.872	0.799	247	    0.050	0.026	0.008	0.005	0.030	0.013	256	    64	    8	    524288	

#	total	step	posi	res	    FP	    FN	    prec	recall	miss	FPE	    FNE	    FPR	    FNR	    eFPR	eFNR	hash	row	    col	    cost
#1	19900	0.052	712	    988	    737	    461	    0.353	0.254	1198	0.449	0.186	0.037	0.023	0.784	0.033	4	    1	    9	    13122	
#2	19900	0.278	712	    2375	1959	296	    0.584	0.175	2255	0.281	0.102	0.098	0.015	0.644	0.032	8	    2	    9	    26244	
#3	19900	0.087	712	    443	    165	    434	    0.390	0.628	599	    0.217	0.097	0.008	0.022	0.448	0.029	16	    4	    9	    52488	
#4	19900	1.000	712	    1053	444	    103	    0.855	0.578	547	    0.141	0.082	0.022	0.005	0.244	0.025	32	    8	    9	    104976	
#5	19900	0.382	712	    485	    83	    310	    0.565	0.829	393	    0.076	0.054	0.004	0.016	0.109	0.020	64	    16	    9	    209952	
#6	19900	0.223	712	    421	    65	    356	    0.500	0.846	421	    0.059	0.029	0.003	0.018	0.051	0.016	128	    32	    9	    419904	
#7	19900	0.836	712	    645	    67	    134	    0.812	0.896	201	    0.037	0.024	0.003	0.007	0.030	0.013	256	    64	    9	    839808	

#	total	step	posi	res	    FP	    FN	    prec	recall	miss	FPE	    FNE	    FPR	    FNR	    eFPR	eFNR	hash	row	    col	    cost
#1	19900	0.087	712	    1389	1083	406	    0.430	0.220	1489	0.433	0.186	0.054	0.020	0.784	0.033	4	    1	    10	    20000	
#2	19900	0.071	712	    815	    553	    450	    0.368	0.321	1003	0.251	0.127	0.028	0.023	0.644	0.032	8	    2	    10	    40000	
#3	19900	0.162	712	    621	    302	    393	    0.448	0.514	695	    0.209	0.093	0.015	0.020	0.448	0.029	16	    4	    10	    80000	
#4	19900	0.103	712	    332	    73	    453	    0.364	0.780	526	    0.168	0.071	0.004	0.023	0.244	0.025	32	    8	    10	    160000	
#5	19900	0.809	712	    669	    127	    170	    0.761	0.810	297	    0.076	0.058	0.006	0.009	0.109	0.020	64	    16	    10	    320000	
#6	19900	1.000	712	    739	    125	    98	    0.862	0.831	223	    0.056	0.056	0.006	0.005	0.051	0.016	128	    32	    10	    640000	
#7	19900	1.000	712	    733	    90	    69	    0.903	0.877	159	    0.036	0.039	0.005	0.003	0.030	0.013	256	    64	    10	    1280000	

